0,426
0,386
0,9
59,52
59,51
59,50
59,49
59,48
59,47
59,46
59,45
59,44
59,43
59,42
59,41
59,40
59,39
59,38
59,37
59,36
59,35
35,1
35,3
36,1
36,3
37,1
37,3
54,1
54,3
55,1
55,3
56,1
56,3
57,1
57,3
53,1
53,3
27,1
27,3
10,289
10,139
10,25
10,161
10,293
10,169
10,173
11,13
11,11
11,5
8,4
8,5
8,7
8,16
8,18
46,3
46,2
46,1
46,0
20,3
20,2
20,1
19,3
19,2
19,1
18,1
18,3
12,3
12,2
14,1
12,1
11,29
11,28
11,27
11,26
11,24
11,22
11,21
11,20
11,18
11,17
14,3
11,16
11,15
11,12
11,9
11,7
13,1
11,4
11,3
13,3
11,2
11,1
